Evan

6 100
4 0 0 252 0 252
31 31 31 31 31 31
1.0 0.9 1.0 1.1 1.0 1.0
Flamethrower 95 100 Fire
WingAttack 60 100 Flying
DragonClaw 80 100 Dragon
Slash 70 100 Normal

18 100
4 252 0 0 0 252
31 31 31 31 31 31
1.0 1.0 1.0 0.9 1.0 1.1
WingAttack 60 100 Flying
QuickAttack 40 100 Normal
SteelWing 70 100 Steel
MudSlap 20 100 Ground